0.28973 0.349215 0.732009 0.28973
0.276729 1.31181 0.500768 0.276729
0.2874 1.20318 1.28935 0.2874
0.205116 1.67655 1.15334 0.205116
0.372751 0.878858 0.758073 0.686819
0.394302 1.11914 1.43836 0.947285
0.288556 0.335292 0.387458 0.753954
0.260252 0.395803 0.349021 0.681685
0.267516 1.51815 0.79342 0.686584
0.271469 0.853618 0.729437 1.32991
0.333738 1.64781 1.93891 0.333738
0.392011 1.02285 1.25307 1.70537
0.332615 1.1457 1.14491 2.41126
0.257726 0.970148 0.708051 2.05512
0.318636 1.09487 1.03878 3.0518
0.27451 0.63333 1.22237 2.72761
0.29653 0.531498 1.1292 3.28172
0.208113 0.753214 0.776402 2.46166
0.241542 0.599068 1.50441 1.30709
0.283346 0.453374 0.865985 2.08271
0.268261 0.634675 1.15675 3.83632
0.281104 1.14723 1.15042 3.63872
0.328674 0.906726 0.625421 3.83458
0.303805 1.52675 0.750336 3.83371
0.218658 0.677191 1.11403 1.22153
0.305128 0.65915 0.634877 3.60006
0.252945 1.04145 1.15418 4.16218
0.271654 0.969806 1.12603 4.6811
0.338788 1.12 1.36129 4.1382
0.345356 0.507054 1.08973 4.2746
0.264111 1.28475 0.828084 4.36632
0.289354 0.911875 0.568025 4.68201
0.30964 1.06127 0.882482 3.99367
0.38522 0.624726 1.68496 4.68152
0.376282 0.992817 1.12113 5.32861
0.29697 0.549929 0.65226 5.13553
0.310388 0.888737 0.549689 4.67571
0.208548 0.953769 0.859934 4.28169
0.324065 0.88542 1.81319 5.32857
0.314665 0.782789 1.11086 4.42163
0.298984 1.19723 2.02741 4.83352
0.351533 1.53032 1.61185 5.32994
0.36884 1.08598 0.672351 5.91608
0.363613 1.0467 0.752386 6.64309
0.265966 0.575013 0.862904 6.24101
0.24984 0.990961 1.16664 5.95307
0.234924 0.718126 1.24119 6.5365
0.218267 0.707716 0.876229 6.18665
0.289883 0.79123 0.621738 4.51045
0.277127 0.551731 0.829268 6.24353
0.285252 0.64372 0.803485 6.1371
0.219389 0.99174 0.681779 7.21918
0.383707 0.728337 0.591058 5.9865
0.332283 0.6137 1.06255 7.09095
0.354452 0.441155 0.96176 6.09767
0.314327 0.4778 0.747345 6.54297
0.301261 1.56911 1.09818 5.73091
0.224893 0.757584 0.791834 6.6257
0.270445 0.591405 0.911228 7.0548
0.221527 1.32194 1.50226 5.95211
0.254424 0.895696 0.863758 7.64598
0.266104 0.535327 0.566519 7.41635
0.365528 0.412826 0.742578 7.27653
0.342695 1.29916 0.975511 8.07175
0.334939 1.12046 0.684707 8.65714
0.314152 1.02031 0.381145 8.09222
0.249172 1.27562 0.869771 7.97648
0.227311 1.5971 0.594199 8.37298
0.300008 0.956118 1.44028 5.5856
0.331485 0.332517 0.826309 6.53804
0.37503 1.76744 0.542929 8.40147
0.200353 0.740952 0.595426 7.313
0.31232 1.22204 0.760419 9.29188
0.200814 1.58131 0.727466 8.927
0.224016 0.769256 0.567733 7.29202
0.263364 1.64905 0.623817 8.93075
0.377758 0.814749 0.395673 7.22885
0.264736 1.55233 0.462485 8.30541
0.360668 1.68224 0.402909 8.95525
0.221669 1.59537 0.46053 9.52819
0.271735 1.72096 0.795662 8.48073
0.366444 1.7749 0.668747 8.90892
0.263602 0.772324 0.51976 7.27884
0.288426 0.388617 0.84578 7.92184
0.293727 1.11726 0.367146 8.11459
0.21667 1.63757 0.53019 8.07934
0.21085 0.539354 0.650167 7.43651
0.264007 1.45982 0.408927 8.21756
0.314506 0.429109 0.909029 8.52008
0.294345 1.0528 1.1938 5.44979
0.234142 0.552359 0.602918 7.41625
0.202232 1.49554 0.464189 8.97218
0.307594 0.938564 0.513072 7.13548
0.214963 0.754874 1.07718 8.9021
0.301286 0.733494 1.11002 9.41686
0.307823 1.58558 1.06219 8.8902
0.279482 1.2669 1.35052 9.2905
0.214459 0.345992 1.03621 9.02675
0.248672 1.5609 1.24375 9.71607
0.247259 1.09429 1.07609 9.70565
0.304806 1.01789 0.811783 6.66713
0.238508 1.49093 0.893166 9.38511
0.264619 1.6561 0.970302 9.29225
0.228068 0.840136 0.67448 9.6982
0.206421 0.457304 1.35912 8.78083
0.20552 0.877295 0.682817 9.64853
0.200734 0.440708 0.829744 9.71308
0.235717 1.12558 1.03572 9.67307
0.240917 1.29672 0.832795 9.33397
0.215576 1.24654 0.85725 9.32731
0.200466 0.677941 0.81271 6.60251
0.229762 0.607682 0.973782 8.91924
0.256445 0.259011 1.11987 9.12388
0.222371 1.29182 0.852065 9.34323
0.202357 0.577564 0.971405 8.82896
0.200206 0.829135 0.715691 9.71157
0.248147 0.494145 1.32259 8.14416
0.217611 1.31545 1.27969 9.34151
0.22279 1.55033 0.940891 9.35491
0.23415 0.63949 1.04679 7.50984
0.247237 1.04204 0.657537 9.44755
0.214222 0.32577 1.28329 8.16119
0.271737 1.03283 0.623265 9.45962
0.225044 0.803232 1.0638 9.46212
0.212954 1.48436 0.559855 8.26704
0.231491 0.967034 0.646471 9.53701
0.225479 1.27889 0.847682 9.3352
0.258586 0.377354 0.96288 9.01069
0.218484 0.999141 0.670559 9.4973
0.213041 0.301632 1.27643 8.1636
0.244694 1.36135 0.835146 9.30568
0.218034 0.375513 1.29442 8.15648
0.234072 1.49492 0.899905 9.38372
0.26162 1.56986 0.904401 9.33508
0.212861 0.448828 1.00317 9.00225
0.297419 0.91906 0.558209 9.55658
0.224454 0.322121 1.0912 9.09002
0.228064 0.280161 0.687623 9.34174
0.241586 0.317617 1.14723 9.43077
0.258657 0.633583 0.93101 8.82495
0.225014 1.39643 0.865602 9.34145
0.245755 0.537118 0.941549 8.93487
0.20521 1.05356 0.717774 9.43237
0.209312 0.782591 0.749846 9.77543
0.30959 0.839841 0.571413 9.68475
0.205352 1.14703 1.57544 4.93447
0.242807 0.422028 0.965342 8.99414
0.247519 0.518625 0.605241 9.43177
0.210012 1.40091 0.88443 9.35688
0.236774 0.506036 0.954393 8.95474
0.221238 1.27623 1.02933 5.60424
0.218484 1.06489 1.42792 5.60282
0.215907 0.86143 0.677333 9.66965
0.225282 0.807229 0.963212 9.54179
0.237754 1.67164 1.02849 9.29416
0.202874 0.542346 0.64389 9.43602
0.298157 0.977437 0.564979 9.4694
0.218546 0.81859 0.701211 9.72647
0.248578 1.63512 0.972338 9.30609
0.230009 1.25549 0.842139 9.32216
0.246174 0.295926 0.98212 8.97232
0.215627 0.439736 1.00222 9.00541
0.270399 1.62474 1.06432 9.59449
0.246963 1.47551 0.875831 9.38159
0.222084 0.808358 0.956377 9.54703
0.229218 1.61948 0.984907 9.31865
0.288865 0.916281 0.56783 9.56143
0.222498 0.857272 0.671634 9.67541
0.229554 0.397099 0.984629 8.99579
0.203727 0.26595 1.06692 8.99582
0.216116 1.19971 0.859866 9.30961
0.247252 1.66908 1.01037 9.29208
0.213642 1.56214 0.960195 9.35093
0.25687 0.521875 0.926677 8.93401
0.231007 0.850392 0.906118 9.60027
0.240473 0.916161 0.634312 9.60082
0.269278 1.63467 0.943363 9.30063
0.201211 0.791211 0.75058 9.76324
0.259135 1.61012 1.04657 9.5732
0.203549 0.65059 1.03655 9.43627
0.2014 0.362156 1.03221 9.00531
0.215168 1.15782 1.56922 4.93228
0.215558 0.969595 1.27379 6.07336
0.21626 1.295 1.05223 5.61883
0.224425 1.22275 0.849038 9.31267
0.217311 1.40222 1.17499 5.671
0.218649 1.0523 1.46869 5.60582
0.25978 0.546371 0.923756 8.92179
0.231916 0.843242 0.668096 9.69429
0.225896 0.412028 0.98975 9.00086
0.23771 0.550554 0.603047 9.42268
0.202824 0.821335 0.895348 9.59613
0.25118 1.55086 0.905906 9.34782
0.223486 1.20528 1.02999 5.79447
0.220645 0.290678 1.08841 8.49562
0.203688 0.54462 0.958921 8.80101
0.21876 0.733709 1.03729 8.80921
0.213857 1.37576 0.871642 9.33751
0.224029 1.3345 0.851843 9.30714
0.252133 0.322144 0.964841 8.972
0.227013 0.248061 1.03648 8.9808
0.227557 0.557411 0.611461 9.42759
0.287276 0.904726 0.570946 9.57961
0.301905 0.457603 0.874683 8.93484
0.227921 1.31816 0.845747 9.29653
0.210322 1.11817 1.12393 9.69848
0.235953 1.38033 0.848764 9.3229
0.208744 1.27937 0.862462 9.29376
0.22418 0.805929 0.705076 9.7438
0.283234 1.63449 1.0304 9.57165
0.271844 0.678744 0.935207 8.78213
0.224108 1.04575 0.959897 5.77506
0.262406 0.692444 0.95371 8.79317
0.202337 1.59812 1.00359 9.33614
0.23165 0.945916 0.643632 9.56309
0.227213 0.531083 0.96678 8.95014
0.207479 1.60671 1.00404 9.3307
0.207651 0.79437 0.94856 9.54699
0.216322 0.356653 1.00935 8.99587
0.251857 0.921631 0.62115 9.59457
0.206336 0.425374 1.02062 9.01485
0.222267 1.4463 0.890585 9.38011
0.229657 0.986875 0.653381 9.51269
0.253797 0.991275 0.627059 9.50862
0.253933 1.45413 0.855605 9.35785
0.213033 1.21723 1.2423 5.62
0.263425 1.45466 0.84461 9.35008
0.211986 0.739241 1.0083 9.43535
0.283894 0.984966 0.583352 9.45955
0.20379 0.468119 1.01161 8.99853
0.253001 1.60767 0.942273 9.31783
0.211428 1.18725 1.03468 5.79448
0.22711 1.5796 0.954859 9.3385
0.203673 1.54447 0.961719 9.3628
0.302922 0.46319 0.872587 8.93144
0.25867 0.582871 0.766578 6.54591
0.226099 0.825156 0.686877 9.718
0.243429 1.25195 0.828286 9.31257
0.229919 1.61311 0.978129 9.3214
0.201053 1.19916 0.875613 9.31861
0.211072 1.25144 1.83573 5.71831
0.213072 1.65522 1.04805 9.30863
0.256431 0.470967 0.931816 8.95819
0.290424 0.872996 0.576137 9.63048
0.212722 0.218085 1.08704 8.99161
0.228569 0.487163 0.96838 8.96963
0.230766 0.915084 1.51925 9.70431
0.233736 1.05949 0.882765 9.33026
0.244593 0.516956 0.943062 8.94439
0.211477 0.681502 1.01445 8.85552
0.259948 0.653154 0.940402 8.84263
0.238229 0.800187 0.991175 9.51968
0.252034 0.810741 1.00149 9.51667
0.268403 0.648023 0.926963 8.82906
0.209356 0.546569 0.953376 8.79745
0.215814 0.956568 1.73548 6.01026
0.240632 0.6394 0.950851 8.78483
0.279307 0.659887 0.920369 8.82973
0.220806 0.542379 0.940462 8.78435
0.208734 1.12421 1.34152 5.60543
0.206466 0.833385 0.875828 9.61565
0.247802 0.637319 0.946207 8.8393
0.232247 1.17932 1.56651 4.92577
0.231702 1.12341 0.862596 9.34202
0.215959 0.438549 1.00217 9.00586
0.210119 0.645669 0.989498 8.81831
0.22114 1.16163 0.861109 9.29498
0.260483 1.0672 1.3059 5.58776
0.252771 0.52594 0.932046 8.93496
0.24887 0.800287 1.00658 9.50918
0.240164 1.11672 0.855216 9.33692
0.221417 0.575624 0.948034 8.78834
0.240961 0.526085 0.947807 8.94283
0.223725 0.530362 0.971721 8.95291
0.206344 1.06924 0.909992 9.34429
0.257252 0.585154 0.913437 8.78491
0.213223 1.11397 1.84534 6.1196
0.208071 0.504915 0.996581 8.97603
0.211736 0.839406 1.88723 5.79796
0.200291 0.540083 0.961411 8.80062
0.222054 1.14618 0.867557 9.35144
0.210932 1.09812 0.893471 9.34643
0.293733 0.635687 0.891856 8.78183
0.205596 0.782215 0.907172 7.62966
0.250485 1.0882 0.852924 9.327
0.217552 1.21654 0.856628 9.31457
0.243718 1.09715 0.857325 9.33156
0.238957 0.685243 0.97903 8.82486
0.233341 0.970891 0.93325 9.32594
0.241986 0.737312 1.00911 8.79335
0.204808 1.10392 1.38411 5.60531
0.207963 0.725765 1.01087 9.43627
0.214862 1.07263 1.42065 5.60337
0.205992 0.796705 0.885887 7.64561
0.237441 0.66634 1.06459 9.48045
0.269366 0.546464 0.911601 8.91556
0.276561 0.666635 0.927789 8.8392
0.246116 1.16462 0.837941 9.34579
0.224593 0.742732 1.02073 9.43769
0.208755 0.738916 1.00481 9.43413
0.249175 0.597144 0.925518 8.78287
0.202984 1.14298 1.32908 5.60832
0.219358 0.457451 0.989501 8.99218
0.210895 0.536567 0.949473 8.78872
0.256024 0.62477 0.929789 8.81939
0.226606 1.08319 0.881231 9.33685
0.230164 1.08736 1.34729 5.59858
0.251275 0.633731 0.939947 8.83235
0.200248 0.838799 0.792691 9.68246
0.21027 0.528508 0.948564 8.78352
0.246698 0.48966 0.942334 8.95565
0.221002 1.06375 1.42168 5.60186
0.263183 0.669191 0.940037 8.78264
0.242709 0.64041 0.949015 8.78325
0.278139 0.596437 0.908289 8.89125
0.224831 0.633638 1.0571 9.50732
0.245829 0.736234 1.048 9.43405
0.264947 0.666543 0.936841 8.79025
0.241335 0.537416 0.947472 8.93772
0.235533 1.07943 0.872651 9.33222
0.235356 0.967465 0.933132 9.32496
0.229331 0.718024 1.03821 9.44455
0.227577 1.1461 1.27739 5.6054
0.229613 0.742883 1.02637 9.4358
0.208997 0.433919 1.01645 9.0145
0.223699 0.52262 0.97191 8.95635
0.271551 0.609913 0.906305 8.79216
0.208683 1.10487 0.893711 9.34864
0.219031 0.56374 0.94774 8.80203
0.215668 1.06659 1.434 5.60387
0.229706 0.967425 0.940421 9.32804
