0 1 8.33906 1.14185 1
1 1 2.98624 7.84361 1
2 1 2.20766 3.20553 1
3 1 6.43468 7.7977 1
4 1 6.22992 4.98778 1
5 1 4.04233 4.00178 1
6 1 8.86838 8.68352 1
7 1 8.48087 5.55875 1
8 1 9.09791 7.06864 2.15736
9 1 7.60989 8.35502 2.5193
10 1 8.84633 3.59242 1
11 1 3.38208 1.58666 1
12 1 1.3252 6.72964 1
13 1 8.59269 2.36713 -0.560237
14 1 0.720309 4.8233 1
15 1 5.13612 4.49478 -0.600176
16 1 5.7777 3.07133 0.649687
17 1 5.41703 3.87153 2.44679
18 1 2.32559 -0.111529 1
19 1 6.3199 9.8834 2.5193
20 1 4.13932 5.99943 0.261464
21 1 4.71147 7.89647 -0.0103435
22 1 2.59522 5.27752 1.52763
23 1 3.98202 6.566 2.17308
24 1 6.79452 1.57099 -0.195928
25 1 10.339 1.12287 1
26 1 2.15572 7.28662 -0.732051
27 1 1.59134 1.52299 1.88838
28 1 5.33628 1.17693 1.1149
29 1 7.21382 3.09224 2.0415
30 1 3.76111 4.79721 3.08005
31 1 4.66465 8.42838 1.91706
32 1 8.98368 2.2862 2.50828
33 1 2.18485 7.24319 2.73126
34 1 2.89192 9.10514 2.54908
35 1 0.189507 7.37962 2.73126
36 1 7.08535 6.33786 2.20229
37 1 7.30984 1.21095 2.71346
38 1 6.83235 -0.135419 1.31371
39 1 5.8713 8.19619 3.49505
40 1 7.05768 4.65398 3.28108
41 1 4.42706 2.14164 2.61245
42 1 6.08328 2.45311 3.68945
43 1 1.87336 5.38064 3.38996
44 1 4.35425 3.28748 4.25005
45 1 5.48145 5.88474 3.30781
46 1 2.70445 3.10536 2.93473
47 1 0.843262 3.80416 2.71646
48 1 3.91522 7.84073 3.71275
49 1 3.25979 1.61656 4.14925
50 1 8.93951 5.22573 2.91801
51 1 0.417826 -0.0965305 1.88838
52 1 7.95979 3.04333 4.05049
53 1 7.07375 6.74327 4.16074
54 1 1.2857 8.75233 3.68731
55 1 3.97956 6.05804 4.61712
56 1 9.67312 2.06309 4.37239
57 1 5.04951 0.755671 3.91308
58 1 7.92352 1.125 4.61504
59 1 7.1836 9.48596 4.27886
60 1 5.28175 1.99681 5.46409
61 1 9.21306 8.31846 3.7145
62 1 5.45716 7.26546 5.21617
63 1 1.37372 6.94278 4.53454
64 1 9.03097 6.47768 4.475
65 1 8.07957 8.01307 5.33375
66 1 2.97884 9.41096 4.52365
67 1 -0.336478 7.97925 4.56532
68 1 5.47436 4.77802 4.97368
69 1 9.21251 3.66248 5.48134
70 1 1.3185 1.96669 3.81936
71 1 7.27313 4.14228 5.57391
72 1 6.59121 5.92443 6.17302
73 1 5.76242 4.24728 6.88033
74 1 3.56036 7.70206 5.67613
75 1 8.5233 6.38499 6.40728
76 1 2.83686 4.4356 4.86597
77 1 2.1884 2.64824 5.48632
78 1 3.94262 3.28308 6.20723
79 1 4.84011 9.16789 5.214
80 1 6.43853 8.63627 6.29217
81 1 4.62095 5.9903 6.51028
82 1 2.74308 9.32691 6.50793
83 1 8.0596 8.09673 7.33189
84 1 0.212405 2.33933 5.48632
85 1 0.933004 4.20425 5.43326
86 1 2.37406 4.36736 6.81049
87 1 7.88967 2.34537 6.1992
88 1 3.53027 1.32664 6.1592
89 1 4.9078 2.0274 7.42859
90 1 2.62711 2.50639 7.49804
91 1 1.09308 8.36853 5.90877
92 1 2.32132 7.51193 7.23453
93 1 5.8519 7.18567 7.53782
94 1 4.04734 4.33425 7.90548
95 1 7.73902 4.83135 7.39273
96 1 0.859231 6.14727 7.23453
97 1 6.58766 0.848402 6.45189
98 1 1.27653 9.10272 7.84919
99 1 4.71423 9.07063 7.20767
100 1 4.02647 7.52857 8.2796
101 1 6.84368 2.20589 7.89815
102 1 9.79671 7.92634 6.35547
103 1 8.37643 6.43656 8.40121
104 1 0.747138 1.82395 7.49804
105 1 2.56693 5.78321 8.20983
106 1 9.23338 0.863998 6.1992
107 1 2.79853 0.544783 7.84836
108 1 8.62727 3.11077 7.89334
109 1 5.61304 5.43793 8.48034
110 1 1.14955 3.64607 8.21772
111 1 8.07512 9.78543 6.26041
112 1 1.1645 8.88127 1
113 1 6.5018 8.92989 8.26949
114 1 8.51639 1.11989 8.04865
115 1 1.0978 7.35723 8.80904
116 1 5.47666 3.30771 8.85589
117 1 9.36062 9.54986 7.77434
